StartChar: acircumflex
Encoding: 145 226 260
Width: 544
Flags: HMW
HStem: -15 72<202 243> 0 21G<408 499 408 408> 463 72<228.5 295.5> 740 20G<218 295 295 295>
VStem: 35 94<108 176.5 108 193> 381 90<140 263 263 263 332 334>
LayerCount: 3
Back
Refer: 169 94 N 1 0 0 1 -7.03125 125 2
Refer: 63 97 N 1 0 0 1 0 0 3
Fore
Refer: 169 94 N 1 0 0 1 -8.03125 125 2
Refer: 63 97 N 1 0 0 1 0 0 3
Validated: 1
Layer: 2
Kerns2: 86 -20 "'kern' Horizontal Kerning in Latin lookup 0 per glyph data 0"
EndChar
