StartChar: ecircumflex
Encoding: 153 234 260
Width: 544
Flags: HMW
HStem: -15 75<240.5 308.5 240.5 329.5> 60 177<240.5 308.5> 237 72<128 413 128 508 125 413> 309 151<242 315 242 413 242 413> 460 75<242 315> 535 225<236 313 236 351.5>
VStem: 35 90<237 237 237 346> 413 96<309 309>
LayerCount: 3
Back
Refer: 169 94 N 1 0 0 1 -5.03027 125 2
Refer: 67 101 N 1 0 0 1 0 0 3
Fore
Refer: 169 94 S 1 0 0 1 -5.03027 125 2
Refer: 67 101 N 1 0 0 1 0 0 3
Validated: 1
Layer: 2
Kerns2: 86 -30 "'kern' Horizontal Kerning in Latin lookup 0 per glyph data 0"
EndChar
