
StartChar: ellipsis.ssty2
Encoding: 1115147 -1 1540
Width: 1136
Flags: W
HStem: -15 117<196.559 322.369 517.559 643.369 812.559 938.369>
VStem: 178 164<4.95871 81.9435> 499 164<4.95871 81.9435> 794 164<4.95871 81.9435>
LayerCount: 2
Fore
Refer: 1460 -1 N 1 0 0 1 -17 0 2
Refer: 1460 -1 N 1 0 0 1 304 0 2
Refer: 1460 -1 N 1 0 0 1 599 0 2
Colour: ff00
EndChar
